20
5
10 20 15 7 5
2 5 7 3 1
10
4
8 12 6 10
2 4 3 6
15
6
5 8 12 3 10 6
1 4 7 2 6 3
20
3
7 5 8
3 2 4
9
7
6 10 15 8 2 4 12
3 5 9 4 1 2 7
25
5
3 6 8 11 14
1 2 4 5 6
12
4
9 4 7 5
3 1 2 4
8
6
10 12 15 20 5 8
4 6 7 10 2 3
18
3
6 4 9
2 1 3
7
5
7 8 11 14 6
3 4 6 8 2
15
4
10 15 20 25
3 7 4 2
10
5
8 12 6 14 10
2 5 7 3 1
20
6
5 8 12 3 10 6
1 4 7 2 6 3
18
3
9 6 4
3 1 2
12
7
6 10 15 8 2 4 12
3 5 9 4 1 2 7
30
5
3 6 8 11 14
1 2 4 5 6
15
4
9 4 7 5
3 1 2 4
8
6
10 12 15 20 5 8
4 6 7 10 2 3
18
3
6 4 9
2 1 3
7
5
7 8 11 14 6
3 4 6 8 2
15
